19.7367 42.1772 
75.4941 98.8156 
74.9776 2.80647 
82.3452 77.0577 
26.5463 85.2359 
24.403 69.3053 
96.8958 67.9082 
2.10001 31.3015 
65.1751 85.3531 
51.0557 94.0845 
69.6315 44.0092 
60.8784 41.1287 
53.525 84.2058 
54.1518 24.8784 
6.996 41.0306 
51.142 54.6631 
77.5677 90.7749 
94.4452 73.88 
29.0429 31.0102 
50.5139 97.0024 
29.5928 44.154 
73.2868 54.9431 
24.4809 84.4349 
71.7033 93.7797 
42.881 57.98 
73.9426 30.0009 
55.6834 35.3804 
54.4293 4.00589 
13.6661 21.1937 
42.5596 30.4731 
59.0627 76.8429 
98.9405 62.1259 
5.38541 62.3503 
54.6557 41.18 
52.6248 45.3137 
53.0606 76.2717 
5.94231 91.4194 
43.0404 50.3381 
41.6489 48.5049 
35.5508 90.4625 
14.1535 22.5762 
64.3992 95.8672 
81.5233 62.24 
22.0183 2.03148 
78.8919 71.1117 
17.8364 86.0969 
1.8649 94.6609 
1.47503 41.4112 
22.852 0.0690142 
3.00481 47.3268 
11.1435 81.8588 
24.2223 30.4243 
22.1595 18.0293 
46.9902 91.2498 
8.66642 92.9486 
61.2007 34.6505 
46.1229 24.4404 
23.1691 22.2927 
71.7546 31.455 
28.1869 19.4624 
71.9997 54.3323 
19.8204 96.2811 
88.3267 18.5745 
68.3887 84.0192 
70.2268 14.5321 
4.71513 72.8321 
22.6585 82.6428 
17.7291 58.8619 
30.5982 6.44563 
78.1983 74.8394 
97.3574 30.5718 
20.9198 18.544 
67.9793 19.8872 
56.7686 73.8619 
73.5753 59.9049 
99.5943 57.4055 
97.2766 41.6353 
64.707 83.7872 
82.0557 87.1091 
98.9968 35.4391 
25.9334 12.3614 
90.9541 96.8281 
68.9958 8.85461 
97.0431 1.45502 
93.3833 56.3269 
53.0428 74.9768 
81.1052 17.1315 
91.3282 67.5387 
12.182 29.5775 
28.4528 37.4636 
29.0823 40.1832 
53.1688 92.4307 
23.2937 56.9325 
94.8088 60.5489 
48.0419 69.3203 
63.307 23.1782 
33.8394 22.1818 
23.7696 38.7307 
72.6705 25.5653 
34.4062 70.767 
14.7189 28.1295 
27.9791 0.0626413 
70.9339 6.88076 
47.4568 62.2567 
28.79 55.4292 
50.3971 56.8774 
54.2432 40.6699 
0.589326 72.5577 
74.3417 32.3136 
30.7583 45.7348 
27.0243 59.4715 
13.3553 8.39699 
81.0273 70.288 
64.0135 0.420685 
10.7071 9.11908 
11.8037 2.35816 
60.3473 63.635 
65.4109 95.3901 
60.6406 8.76697 
25.2062 4.88971 
42.6574 7.37155 
56.146 85.5659 
96.2734 32.7446 
48.66 89.3835 
88.8208 90.5005 
88.1435 6.23092 
70.2875 54.316 
89.6268 26.6527 
9.82557 89.0327 
5.35546 58.8682 
71.7185 72.1979 
11.4273 22.8633 
75.7926 63.0176 
81.2471 31.1517 
73.3926 80.6435 
33.3624 57.7773 
90.6104 87.4119 
84.8758 83.0864 
91.4456 74.5115 
89.1674 30.6138 
0.595244 36.2856 
67.1764 29.4552 
88.0801 17.5407 
33.5182 36.1057 
42.7854 82.3009 
81.7327 21.783 
95.2093 60.0611 
50.3145 13.7269 
2.90449 99.1226 
16.1175 32.9429 
37.3369 37.4397 
81.7325 84.3027 
48.6505 95.436 
93.7413 55.0012 
27.5517 99.185 
9.76286 59.6692 
54.6336 11.2083 
14.2289 4.37173 
35.2305 40.3643 
5.42915 52.2961 
59.2343 71.7676 
71.1983 73.5027 
71.9654 17.8696 
92.8828 48.7569 
6.73111 33.9035 
45.7234 78.3561 
75.4281 62.66 
17.4642 54.8138 
99.2644 71.2593 
10.973 29.4786 
49.779 64.5371 
73.0346 89.6733 
32.5044 17.1502 
40.1285 76.0309 
11.2349 43.6134 
63.9723 53.4786 
56.8957 69.7884 
56.5878 53.3693 
28.1897 26.244 
85.358 44.4105 
89.2994 39.152 
21.6916 25.7227 
97.4511 66.6981 
57.1297 75.0248 
82.1863 32.2465 
24.8333 47.5979 
69.4711 49.3863 
75.6981 35.2056 
82.0222 15.2296 
49.3262 80.2718 
91.4221 79.8268 
92.3188 58.0399 
10.6322 16.8862 
20.7315 50.2187 
95.1517 28.4004 
72.359 87.043 
48.4374 9.34852 
82.9349 55.0656 
74.7529 69.7087 
79.1452 57.4658 
68.6959 80.418 
3.55225 37.7329 
1.03654 0.314622 
8.88704 58.4017 
54.7643 3.73583 
23.5979 61.6078 
41.6596 79.5769 
2.27666 67.8502 
77.2592 60.3926 
59.8706 30.346 
15.8744 50.0917 
76.4683 38.9547 
34.0094 24.4472 
29.4773 31.9345 
71.3551 56.5203 
66.983 3.26527 
54.5407 15.2671 
6.69079 29.5282 
42.4075 14.2691 
91.4462 47.1432 
85.7676 64.0644 
71.6199 48.6554 
61.6545 57.1531 
9.33532 58.1925 
19.8428 48.5444 
75.6434 19.3686 
31.0944 82.4424 
16.6591 42.688 
12.7781 81.8681 
32.836 50.0056 
99.6556 64.7309 
95.2388 3.17618 
80.406 97.3752 
59.7734 59.6118 
65.8377 82.8415 
96.5353 0.855966 
50.4397 71.3332 
55.256 62.0521 
1.93727 81.5604 
44.4033 32.3344 
16.9158 98.0047 
92.8153 84.435 
84.4596 10.106 
2.45457 2.72201 
67.0284 32.0329 
47.4713 84.6909 
83.1765 36.4664 
86.5093 45.2878 
72.1624 95.6462 
2.47066 11.2492 
71.0102 38.0999 
3.06298 78.359 
35.0595 11.4909 
58.9977 55.3566 
18.008 17.1446 
80.4627 15.2989 
37.4921 8.88671 
54.1805 45.3666 
21.2514 32.884 
87.777 54.2626 
27.7432 64.8756 
99.7652 31.6556 
28.4103 4.08528 
64.7404 15.9926 
11.4865 71.9725 
37.4953 11.1998 
36.5577 43.2118 
62.6682 38.8354 
86.4243 88.3504 
31.8603 2.74362 
48.6291 87.831 
10.5799 66.7578 
33.1895 57.0667 
90.5637 58.1307 
18.9157 66.5294 
68.6677 80.7232 
5.87628 3.19773 
92.4509 88.4251 
24.3088 22.6261 
79.7721 47.2735 
51.7601 29.3751 
54.3555 54.45 
61.6717 36.6361 
6.41369 61.2698 
97.3348 93.0392 
74.1918 1.37259 
73.3536 98.5392 
48.9075 9.81096 
23.5982 8.57296 
79.7108 81.9821 
38.6835 23.6922 
90.4702 64.6456 
35.9974 63.5048 
50.2684 87.5025 
36.7511 12.2532 
9.72216 38.1907 
5.18192 9.01943 
9.83042 22.8934 
12.7367 62.5055 
5.38733 40.2983 
